      156
  -1.0000D+00 -9.3795D-01 -8.7590D-01 -8.1385D-01 -7.5180D-01 -6.8975D-01 -6.2770D-01 -5.6565D-01 -5.0360D-01 -4.4155D-01
  -3.7950D-01 -3.1745D-01 -2.5540D-01 -1.9335D-01 -1.3130D-01 -6.9253D-02 -6.8724D-02 -6.8245D-02 -6.7809D-02 -6.7410D-02
  -6.7040D-02 -6.6690D-02 -6.6344D-02 -6.5976D-02 -6.5535D-02 -6.4941D-02 -6.4815D-02 -6.4173D-02 -6.3417D-02 -6.2708D-02
  -6.2046D-02 -6.1444D-02 -6.0900D-02 -6.0371D-02 -5.9856D-02 -5.9365D-02 -5.8871D-02 -5.8354D-02 -5.7812D-02 -5.7255D-02
  -5.6688D-02 -5.6116D-02 -5.5539D-02 -5.4957D-02 -5.4370D-02 -5.3778D-02 -5.3179D-02 -5.2573D-02 -5.1958D-02 -5.1333D-02
  -5.0695D-02 -5.0043D-02 -4.9373D-02 -4.8684D-02 -4.7972D-02 -4.7232D-02 -4.6461D-02 -4.5655D-02 -4.4809D-02 -4.3919D-02
  -4.2984D-02 -4.2001D-02 -4.0971D-02 -3.9896D-02 -3.8777D-02 -3.7617D-02 -3.6417D-02 -3.5177D-02 -3.3894D-02 -3.2565D-02
  -3.1185D-02 -2.9750D-02 -2.8251D-02 -2.6680D-02 -2.5023D-02 -2.3259D-02 -2.1362D-02 -1.9292D-02  1.9292D-02  2.1362D-02
   2.3259D-02  2.5023D-02  2.6680D-02  2.8251D-02  2.9750D-02  3.1185D-02  3.2565D-02  3.3894D-02  3.5177D-02  3.6417D-02
   3.7617D-02  3.8777D-02  3.9896D-02  4.0971D-02  4.2001D-02  4.2984D-02  4.3919D-02  4.4809D-02  4.5655D-02  4.6461D-02
   4.7232D-02  4.7972D-02  4.8684D-02  4.9373D-02  5.0043D-02  5.0695D-02  5.1333D-02  5.1958D-02  5.2573D-02  5.3179D-02
   5.3778D-02  5.4370D-02  5.4957D-02  5.5539D-02  5.6116D-02  5.6688D-02  5.7255D-02  5.7812D-02  5.8354D-02  5.8871D-02
   5.9365D-02  5.9856D-02  6.0371D-02  6.0900D-02  6.1444D-02  6.2046D-02  6.2708D-02  6.3417D-02  6.4173D-02  6.4815D-02
   6.4941D-02  6.5535D-02  6.5976D-02  6.6344D-02  6.6690D-02  6.7040D-02  6.7410D-02  6.7809D-02  6.8245D-02  6.8724D-02
   6.9253D-02  1.3130D-01  1.9335D-01  2.5540D-01  3.1745D-01  3.7950D-01  4.4155D-01  5.0360D-01  5.6565D-01  6.2770D-01
   6.8975D-01  7.5180D-01  8.1385D-01  8.7590D-01  9.3795D-01  1.0000D+00
     4.0000000000000000D+03
    0.0000E+000   0.0000E+000   0.0000E+000   0.0000E+000   0.0000E+000   0.0000E+000   0.0000E+000   0.0000E+000   0.0000E+000   0.0000E+000
    0.0000E+000   0.0000E+000   0.0000E+000   0.0000E+000   0.0000E+000   0.0000E+000   0.0000E+000   0.0000E+000   0.0000E+000   0.0000E+000
    0.0000E+000   0.0000E+000   0.0000E+000   0.0000E+000   0.0000E+000   0.0000E+000   0.0000E+000   0.0000E+000   0.0000E+000   0.0000E+000
    0.0000E+000   0.0000E+000   0.0000E+000   0.0000E+000   0.0000E+000   0.0000E+000   0.0000E+000   0.0000E+000   0.0000E+000   0.0000E+000
    0.0000E+000   0.0000E+000   0.0000E+000   0.0000E+000   0.0000E+000   0.0000E+000   0.0000E+000   0.0000E+000   0.0000E+000   0.0000E+000
    0.0000E+000   0.0000E+000   0.0000E+000   0.0000E+000   0.0000E+000   0.0000E+000   0.0000E+000   0.0000E+000   0.0000E+000   0.0000E+000
    0.0000E+000   0.0000E+000   0.0000E+000   0.0000E+000   0.0000E+000   0.0000E+000   0.0000E+000   0.0000E+000   0.0000E+000   0.0000E+000
    0.0000E+000   0.0000E+000   0.0000E+000   0.0000E+000   0.0000E+000   0.0000E+000   0.0000E+000   0.0000E+000   1.0884E+006   1.2289E+006
    1.6728E+006   2.4743E+006   3.8566E+006   6.2259E+006   1.0308E+007   1.7400E+007   2.9827E+007   5.1701E+007   9.0262E+007   1.5827E+008
    2.7815E+008   4.8901E+008   8.6534E+008   1.5126E+009   2.6237E+009   4.5580E+009   7.7021E+009   1.2821E+010   2.0971E+010   3.3692E+010
    5.3220E+010   8.2661E+010   1.2624E+011   1.8946E+011   2.7908E+011   4.0284E+011   5.6794E+011   7.7743E+011   1.0248E+012   1.2907E+012
    1.5445E+012   1.7514E+012   1.8971E+012   1.9822E+012   2.0572E+012   2.1193E+012   2.1728E+012   2.2198E+012   2.2617E+012   2.2992E+012
    2.3332E+012   2.3655E+012   2.3979E+012   2.4298E+012   2.4615E+012   2.4952E+012   2.5310E+012   2.5680E+012   2.6060E+012   2.6373E+012
    2.6434E+012   2.6716E+012   2.6921E+012   2.7090E+012   2.7247E+012   2.7404E+012   2.7568E+012   2.7743E+012   2.7932E+012   2.8138E+012
    2.8362E+012   4.9063E+012   6.6843E+012   8.2890E+012   9.7775E+012   1.1205E+013   1.2609E+013   1.4014E+013   1.5429E+013   1.6858E+013
    1.8299E+013   1.9748E+013   2.1201E+013   2.2654E+013   2.4103E+013   2.5544E+013
     4.0011999999999998D+03
    0.0000E+000   0.0000E+000   0.0000E+000   0.0000E+000   0.0000E+000   0.0000E+000   0.0000E+000   0.0000E+000   0.0000E+000   0.0000E+000
    0.0000E+000   0.0000E+000   0.0000E+000   0.0000E+000   0.0000E+000   0.0000E+000   0.0000E+000   0.0000E+000   0.0000E+000   0.0000E+000
    0.0000E+000   0.0000E+000   0.0000E+000   0.0000E+000   0.0000E+000   0.0000E+000   0.0000E+000   0.0000E+000   0.0000E+000   0.0000E+000
    0.0000E+000   0.0000E+000   0.0000E+000   0.0000E+000   0.0000E+000   0.0000E+000   0.0000E+000   0.0000E+000   0.0000E+000   0.0000E+000
    0.0000E+000   0.0000E+000   0.0000E+000   0.0000E+000   0.0000E+000   0.0000E+000   0.0000E+000   0.0000E+000   0.0000E+000   0.0000E+000
    0.0000E+000   0.0000E+000   0.0000E+000   0.0000E+000   0.0000E+000   0.0000E+000   0.0000E+000   0.0000E+000   0.0000E+000   0.0000E+000
    0.0000E+000   0.0000E+000   0.0000E+000   0.0000E+000   0.0000E+000   0.0000E+000   0.0000E+000   0.0000E+000   0.0000E+000   0.0000E+000
    0.0000E+000   0.0000E+000   0.0000E+000   0.0000E+000   0.0000E+000   0.0000E+000   0.0000E+000   0.0000E+000   3.9773E+006   6.4468E+006
    9.8913E+006   1.5299E+007   2.3793E+007   3.7115E+007   5.8029E+007   9.0828E+007   1.4223E+008   2.2255E+008   3.4750E+008   5.4106E+008
    8.3948E+008   1.2968E+009   1.9926E+009   3.0414E+009   4.6055E+009   6.9101E+009   1.0239E+010   1.5055E+010   2.1916E+010   3.1502E+010
    4.5110E+010   6.4131E+010   9.0669E+010   1.2757E+011   1.7871E+011   2.4933E+011   3.4638E+011   4.7856E+011   6.5594E+011   8.8905E+011
    1.1872E+012   1.5516E+012   1.9719E+012   2.4210E+012   2.8551E+012   3.2370E+012   3.5506E+012   3.8130E+012   4.0407E+012   4.3025E+012
    4.5730E+012   4.8496E+012   5.1318E+012   5.4103E+012   5.6852E+012   5.9798E+012   6.2953E+012   6.6255E+012   6.9704E+012   7.2587E+012
    7.3152E+012   7.5787E+012   7.7728E+012   7.9340E+012   8.0848E+012   8.2371E+012   8.3973E+012   8.5695E+012   8.7573E+012   8.9631E+012
    9.1893E+012   3.2054E+013   4.9645E+013   6.5221E+013   8.0298E+013   9.5460E+013   1.1088E+014   1.2658E+014   1.4248E+014   1.5850E+014
    1.7458E+014   1.9064E+014   2.0662E+014   2.2248E+014   2.3818E+014   2.5370E+014
     4.0024000000000001D+03
    0.0000E+000   0.0000E+000   0.0000E+000   0.0000E+000   0.0000E+000   0.0000E+000   0.0000E+000   0.0000E+000   0.0000E+000   0.0000E+000
    0.0000E+000   0.0000E+000   0.0000E+000   0.0000E+000   0.0000E+000   0.0000E+000   0.0000E+000   0.0000E+000   0.0000E+000   0.0000E+000
    0.0000E+000   0.0000E+000   0.0000E+000   0.0000E+000   0.0000E+000   0.0000E+000   0.0000E+000   0.0000E+000   0.0000E+000   0.0000E+000
    0.0000E+000   0.0000E+000   0.0000E+000   0.0000E+000   0.0000E+000   0.0000E+000   0.0000E+000   0.0000E+000   0.0000E+000   0.0000E+000
    0.0000E+000   0.0000E+000   0.0000E+000   0.0000E+000   0.0000E+000   0.0000E+000   0.0000E+000   0.0000E+000   0.0000E+000   0.0000E+000
    0.0000E+000   0.0000E+000   0.0000E+000   0.0000E+000   0.0000E+000   0.0000E+000   0.0000E+000   0.0000E+000   0.0000E+000   0.0000E+000
    0.0000E+000   0.0000E+000   0.0000E+000   0.0000E+000   0.0000E+000   0.0000E+000   0.0000E+000   0.0000E+000   0.0000E+000   0.0000E+000
    0.0000E+000   0.0000E+000   0.0000E+000   0.0000E+000   0.0000E+000   0.0000E+000   0.0000E+000   0.0000E+000   3.6825E+006   6.7193E+006
    1.0654E+007   1.6761E+007   2.6316E+007   4.1281E+007   6.4716E+007   1.0140E+008   1.5875E+008   2.4823E+008   3.8737E+008   6.0275E+008
    9.3413E+008   1.4401E+009   2.2050E+009   3.3478E+009   5.0313E+009   7.4733E+009   1.0960E+010   1.5865E+010   2.2670E+010   3.2006E+010
    4.4700E+010   6.1829E+010   8.4831E+010   1.1560E+011   1.5668E+011   2.1144E+011   2.8441E+011   3.8156E+011   5.1061E+011   6.8152E+011
    9.0695E+011   1.2010E+012   1.5788E+012   2.0526E+012   2.6245E+012   3.2837E+012   3.9989E+012   4.7365E+012   5.4969E+012   6.3358E+012
    7.1296E+012   7.9160E+012   8.6197E+012   9.2299E+012   9.7700E+012   1.0331E+013   1.0914E+013   1.1515E+013   1.2136E+013   1.2648E+013
    1.2748E+013   1.3210E+013   1.3550E+013   1.3829E+013   1.4090E+013   1.4351E+013   1.4624E+013   1.4917E+013   1.5234E+013   1.5579E+013
    1.5955E+013   4.5237E+013   6.3789E+013   7.9858E+013   9.5465E+013   1.1122E+014   1.2726E+014   1.4356E+014   1.6004E+014   1.7660E+014
    1.9318E+014   2.0968E+014   2.2605E+014   2.4225E+014   2.5824E+014   2.7401E+014
     4.0035999999999999D+03
    0.0000E+000   0.0000E+000   0.0000E+000   0.0000E+000   0.0000E+000   0.0000E+000   0.0000E+000   0.0000E+000   0.0000E+000   0.0000E+000
    0.0000E+000   0.0000E+000   0.0000E+000   0.0000E+000   0.0000E+000   0.0000E+000   0.0000E+000   0.0000E+000   0.0000E+000   0.0000E+000
    0.0000E+000   0.0000E+000   0.0000E+000   0.0000E+000   0.0000E+000   0.0000E+000   0.0000E+000   0.0000E+000   0.0000E+000   0.0000E+000
    0.0000E+000   0.0000E+000   0.0000E+000   0.0000E+000   0.0000E+000   0.0000E+000   0.0000E+000   0.0000E+000   0.0000E+000   0.0000E+000
    0.0000E+000   0.0000E+000   0.0000E+000   0.0000E+000   0.0000E+000   0.0000E+000   0.0000E+000   0.0000E+000   0.0000E+000   0.0000E+000
    0.0000E+000   0.0000E+000   0.0000E+000   0.0000E+000   0.0000E+000   0.0000E+000   0.0000E+000   0.0000E+000   0.0000E+000   0.0000E+000
    0.0000E+000   0.0000E+000   0.0000E+000   0.0000E+000   0.0000E+000   0.0000E+000   0.0000E+000   0.0000E+000   0.0000E+000   0.0000E+000
    0.0000E+000   0.0000E+000   0.0000E+000   0.0000E+000   0.0000E+000   0.0000E+000   0.0000E+000   0.0000E+000   2.0718E+006   2.5719E+006
    3.5982E+006   5.3174E+006   8.1161E+006   1.2662E+007   2.0075E+007   3.2262E+007   5.2486E+007   8.6366E+007   1.4379E+008   2.4261E+008
    4.1554E+008   7.2269E+008   1.2782E+009   2.2740E+009   4.0494E+009   7.2353E+009   1.2659E+010   2.1775E+010   3.6751E+010   6.0682E+010
    9.7882E+010   1.5396E+011   2.3552E+011   3.4912E+011   4.9915E+011   6.8486E+011   8.9641E+011   1.1128E+012   1.3063E+012   1.4561E+012
    1.5608E+012   1.6234E+012   1.6794E+012   1.7260E+012   1.7664E+012   1.8021E+012   1.8344E+012   1.8640E+012   1.8911E+012   1.9157E+012
    1.9381E+012   1.9595E+012   1.9811E+012   2.0025E+012   2.0238E+012   2.0465E+012   2.0706E+012   2.0955E+012   2.1212E+012   2.1424E+012
    2.1466E+012   2.1656E+012   2.1795E+012   2.1909E+012   2.2015E+012   2.2122E+012   2.2233E+012   2.2351E+012   2.2480E+012   2.2619E+012
    2.2771E+012   3.9682E+012   6.4802E+012   1.0036E+013   1.4495E+013   1.9713E+013   2.5602E+013   3.2110E+013   3.9197E+013   4.6825E+013
    5.4951E+013   6.3526E+013   7.2449E+013   8.1771E+013   9.1398E+013   1.0129E+014